0100100000100000
0101000000100000
0101100000100000
0110000000100000
0000000000000000
1010101100000011
0000000000000010
1110000110000010
0000000000000000
0000000000000000
1111010110011010
0000000000000000
0000000000000000
1111011111010000
1100101000101110
0101000000110001
0000000000000010
0000000000000000
0000000000000000
0101000000111001
0000000000000011
0000000000000000
0000000000000000
1001010100000000
0000000000000000
0000000000000000
1101010101000010
0000000000000000
0000000000000000
0101000000101001
0000000000000010
1100100100101100
